$ANSIBLE_VAULT;1.1;AES256
35643663386465376139626538623930343964326433326636346361633237613264663933326331
3964623161396561663332383732623062343965623239610a333462626635373731363935356562
36653639663065643562633863333630333737303962623964393939306332653366313962333366
6132376230623934630a343131633637373064383731313764343432346530313863316639396432
39376239383135316534353539376333303335343733383938303631636433656637356434663936
34626537333864666233653933616533386662623163353630316138393765326132663236643362
34383530666461626139636363626566316431386538663463636630383936366166376136363438
39333763643233373961643862336263656432386230316633643633636463643537393037383336
32636438323261393465383762616336366431383930623564616432306161366638383932353630
39653332383838643266393032366665303165356461633737363030343937353333353633663263
34393139373633353530653632613233376135343638356138373563646133356231356536383633
30376436386436663335326166313533663636303061366665323535666233623363666364306463
61373831623331623332313539643865663834363637303064333365623739633365653239393163
32653834323461623136376639623134663066656562653763343261393035353162313136316464
31336561336164663831373961666237333761373230613439396636376165346164316162346235
33616463643430343035663265653938613131386436373033623935653264323930613339303666
37663532616132656239613132636161366461366632366462393031393030633065346639316133
65376236623734376439373539323533396637336338326664376431373831643766626261373762
61356365386163626334653563626330313832373562643433613339656562393338623662363166
35336564396230366537646538383765366535386363313366663161663237303235323666316236
62323964336663343337393635636362373266663236313633633063643436356163613662346234
35653165633430386664373231393661376534323962343134356465333537353363303835616230
64643538303639366238393561363265386635376333373563663766333464306162646666656661
30373738326435393236343730626534393933386138343566633131616264666530363661303561
34623430313166336464306236393335323562306462363534336166636464656565383562613130
66363964326339643134623834613362303133623636623463306430306330333732613230373637
39313365316164386434333930396564383738613336393764613562313636393461646366633530
35376262386365343962373863366432386539323532613731356233616633356465393766376535
38383362616139336135623033333535646333326361353161666236343162623166373961383162
63643263363231616333386432623338386631376237366632376365336265616637383537653930
39363034623831306230333863646666623164393730636262373663623362656636663165626330
63636466633863633136386265393531616137373736393334653863306130336666313562356666
62333664616135383065353632316262383037366131623066623164313561623137386364623835
66653634363263353430663031313433626635613539656531653566393139333837643066626431
63633231363362313265636536633962303631326638663936643632356632323765393131636633
35336334366264326433386634366365646466396561336161663166663634353363326262656336
34646234373836656538326261343133636164396364376266663233623565636433356135333031
33396532303463623463343836613833313739316535656265663639656363343033333035336365
66656139623736636637633363333063336334363136313366633932346331646165356638653332
35393331373132656564636530613438663432393730336631633234613934643534653566623463
30623939636133323231376262323363336530383834376262336338643662353564353138616538
35616663656264616432386363346131383538336462643539383061306230643233373237323439
32393630343837313565306466646564306266336162646532333634666136333066636433663237
66396432383538656231316564383461373065396661626630623338316466383038303538376431
66383364373365303434646130393739643937393430373362366137623362663639343762613839
33366633643037663136383637626233336131343439633430643739303534386262613330336632
38626265303964353136616363313033333461376565626535333235653034356436393761396439
33323835303163363133396362623835366530306361643539626362326536363962646664396635
35653532666665633131356632663337346436393037633936376664313333616563633164306436
34393434356633356161633433643030363139306530636434383533333639393264363431363731
65646363636261363465313962666164353331363436633862326161323762663136366337663662
30336130316136613036616331653564616330393263343866313461363936616435616339346330
38336235303966333535656535346665623766653262663763666364343235346233333738653833
37626533333738613533316665663835343665356362343538623332663730316562613530343734
64306230653234373361383930643437323063376436306433333665376530323830343538346639
36336164623138346137643738363430366534613030336631353661303664316538353035363562
35323662373863343262303263383034666439356431383961383166653463336430626439346332
62343334353664343739386365613965383462333665333764626565386266626232396264393466
66616561363430326131626539663536656664303339373161393938306366333166633937643739
35323738313234373861376262346532646630663534646161656461333232363631346133303936
39656535333030633434343035663761343438313138613135343866363562613665356264333938
36303361663337303436613435336562303663306162313836383638343564313261336361343234
63366634613833616165626366323638616265333033383031386635356330393761626234623533
64643438363866653062383333303736346662643235613465653563306432343165396536326137
65623338356631653733376433333436653534666263643338643135353936663933643430326333
63336337646539643265613565336339663965333661386232623430373661383933303666333333
39356138383130313737373864366163613266623834303131366538633161383265653430343965
63623134383362643565346539663635326363363536323438633731633465373436323966636336
33343462663631373031393432363332326531343333333035616232633163653437323737363031
31623834636339373834656366396436626564616238373362386438666261326462393930363962
36383436306239393066353266666133323766636131636234313137303362313331663232396266
64316564656466353166633531646534626137326632663832633830633433316664363330626564
36626335393766666162393861653431356534366432386436353865393031646133306562316334
61326661303865636431373131393362336262636430386461666663363835316137633961636561
64313865313634366163643639346532333236653266376662383862356536373239313633613131
39313139323765623439643734633266323835663030306630313037346333343231633865616233
36333630646361646536663032353736616635353933663666633063353933663863336437356138
66303666653762343531363539666462636233363864363765626263353864663364646437623864
63316164386661393136356338396634346634316535663831386631396661313662636233633639
63653931383436396662663035623562656664383738346663393432383535313765623861323433
64386162616533336338643834653862643236376263616462323263663161323064393766396261
35316666326239363130316130626531626432303634333831346137316435363132346333373735
33613833343762343938393337303337323538643265623838343639376235343633343463323962
36646430316435393031326336666465363864653033663033306335643331626135353432636436
31643732333061633838646639613665613138346237633639366563336134626532376437643034
39663136376166346261303134623836363863356561333263363137363565333636373136623562
61373461646162613561356132633165323331346363623166306631343131636632376661376566
64373066333537353330386630663038356530366638316664303338356364616638333738616534
64346437363531313838636163336533646332376238356666313061653534386264376139353932
36613839633836633033643535616162643361313138356565346330623661363035636165336136
35353335313963303234383061363235333964353331326365643336663130313431373962383166
63343436613435633433343539653336383265663438663130376334643562616536303330316533
37643535343061353437333436353063353938373935343030383361386361626638623730306162
30346337343433386165396263396163646235633364366334396565353266373130313862376565
35393639363135313061343363316462363538313133333330656638663333643234313939613737
61653734666166346163306262346466353461373866303862626433643135346130323135306633
66613964653431623361356536396138616261643637363632613538393130393433353936663034
37333832613662643835613136623137646561356462383230633030386330613137346538336565
32356435333034646339653439626638336531346235306331663566363031646133393765383631
36323937363166656266303131316636333266336338376437363735613961646561646332353962
36616235633731343163373734616231303030626234316666393530373865616430366465656437
30313639643839393262353666323962366533363964323166373438623463396239343866616235
31343232636433303431396334336530376231356230343239653235653535366464333766383165
32663635353531653338383261373864303437646364373432666132313261393864303834636364
62623136656665366336383533373636636432343562366431653464656230343166386534376636
65383532303963376139613236376561633935626430313066643037386334356435393763313163
64353432663037336133616634323233643937633838633761323965363962656464333235336639
63643330373939303236323936646165353164373965313664353366666631666138623937306466
34656133646362646365663435336337616238366664643462616232383236646538653161643563
64313064383863393238393664653965396433313838333437623061393439363237306630353636
34323565306639623338623162653663376438366335663035386239383031396536623365643736
36616463333539656566356138386463396637393536363462373331303262346636353930353930
36326539373737663930613439616137386435396361323262366538653466373237353135356332
39653961346131626564656131626538373332626535396130306561626335303833323764656334
64306335326233353135353338643335613033366236613733343161653833653132623363623438
65313035666238383534306236326532626461346439323736333061383966656432666236353232
33653632663830363134323331323031396437643066636130373532646130623236643435666661
66323638383933663033663831343566383338373934613262346232656465326432653936386331
62393566386261333866653066306431323130396436626162623864333766646266643864303938
37313630383033346264393635343265383938356430366638333832656363323664643735343138
62613862373362366134623966393334353662333636343932343763356537393834636330643361
36356235383930393332346635663063343762646237666334373165326339616431623734333837
65316332383366643663613630626363353331653466336234626433666562663861363862623366
62383030303963613132353139613536646539633336313137313761643561313631303139376664
62333730343563663132653833383537313635386531656634373437316539643666383637386535
33393831633330636462396533373631646436353139353664323234303634623964376337343338
37656437343865636236626437346634323238326633313366623666656138643232366565623837
34323239313533326537353666333434623366623266643166353536336266626338386537333032
63653236323939393730636637633862623439663233346566363261356233316337323731366537
37656337313738666335366433656263346463663034323862373736303531386431613230623131
33666235626233303162396362376366343838623035633039376663633430366432343066663932
38323762643039383266646537633964343961663330663436303366313231373230663031303332
38386533633461383633623361356564346633633939396565306234653232393231666535653063
3863353238343330643363323463616233323235343266303839
